x <- -1+1
#hello
y <- -3+3